_parent_: options/bases/base_color_waymo.yaml

name: calib_cam0
density_name: 

render:
  image_size: [1280,1920]

data:
  image_sub_folder: image_00
  image_size: [1280,1920]

camera: pinhole

extrinsic: [0,0,0,0,0,0]      #90                              # initial values for extrinsic parameters
intrinsic: [2063.7423774569, 2063.7423774569, 936.6222395340525, 640.5199106214661]  # [ fx, fy, cx, cy ]