_parent_: options/bases/base_color_waymo.yaml

name: calib_cam3
density_name: 

render:
  image_size: [433, 960]

data:
  image_sub_folder: image_03
  image_size: [433, 960]

# camera: pinhole

extrinsic: [0,0,-90,0,0,0]      #90                              # initial values for extrinsic parameters
intrinsic: [1031.4451904296875, 1031.4451904296875, 492.3039855957031, 121.49856567382812]  # [ fx, fy, cx, cy ]