_parent_: options/bases/base_color_waymo.yaml

name: calib_cam4
density_name: 

render:
  image_size: [433, 960]

data:
  image_sub_folder: image_04
  image_size: [433, 960]

# camera: pinhole

extrinsic: [0,0,90,0,0,0]                            # initial values for extrinsic parameters
intrinsic: [1026.62890625, 1026.62890625, 481.31549072265625, 120.44200134277344]  # [ fx, fy, cx, cy ]