_parent_: options/bases/base_color_waymo.yaml

name: calib_cam1
density_name: 

render:
  image_size: [640, 960]

data:
  image_sub_folder: image_01
  image_size: [640, 960]

# camera: pinhole

extrinsic: [0,0,-45,0,0,0]      #90                              # initial values for extrinsic parameters
intrinsic: [1025.22412109375, 1025.22412109375, 482.3590087890625, 323.62109375]  # [ fx, fy, cx, cy ]