_parent_: options/bases/base_color_waymo.yaml

name: calib_cam0
density_name: 

render:
  image_size: [640, 960]

data:
  image_sub_folder: image_00
  image_size: [640, 960]

# camera: pinhole

extrinsic: [0,0,0,0,0,0]      #90                              # initial values for extrinsic parameters
intrinsic: [1030.0712890625, 1030.0712890625, 487.7982482910156, 315.4266662597656]  # [ fx, fy, cx, cy ]