_parent_: options/bases/base_color_waymo.yaml

name: calib_cam1
density_name: 

render:
  image_size: [1280,1920]

data:
  image_sub_folder: image_01
  image_size: [1280,1920]

camera: pinhole

extrinsic: [0,0,-45,0,0,0]      #90                              # initial values for extrinsic parameters
intrinsic: [2072.755083490738, 2072.755083490738, 1006.0663601690969, 645.0400780659427]  # [ fx, fy, cx, cy ]